1.882556131260790522e-01
3.029644912585514535e-02
8.737864077669907359e-02
1.013384321223708973e-01
1.013384321223708973e-01
4.276985743380853910e-02
8.737864077669907359e-02
1.201797079745414859e-01
1.470054446460979658e-01
8.737864077669907359e-02
1.470054446460979658e-01
4.276985743380853910e-02
1.882556131260790522e-01
2.598425196850392416e-01
1.013384321223708973e-01
6.807666886979503451e-02
2.410399927778279078e-02
1.201797079745414859e-01
1.013384321223708973e-01
1.201797079745414859e-01
2.544769085768144520e-02
3.964037597057622209e-02
4.146948941469503214e-01
1.882556131260790522e-01
1.882556131260790522e-01
1.201797079745414859e-01
4.146948941469503214e-01
1.201797079745414859e-01
1.201797079745414859e-01
1.201797079745414859e-01
7.662082514734772087e-02
7.662082514734772087e-02
3.444108761329305740e-02
1.201797079745414859e-01
1.201797079745414859e-01
2.852418354692020513e-02
2.598425196850392416e-01
1.470054446460979658e-01
1.201797079745414859e-01
1.201797079745414859e-01
2.598425196850392416e-01
1.201797079745414859e-01
2.598425196850392416e-01
1.013384321223708973e-01
7.662082514734772087e-02
1.201797079745414859e-01
4.276985743380853910e-02
1.882556131260790522e-01
3.444108761329305740e-02
1.470054446460979658e-01
1.013384321223708973e-01
7.662082514734772087e-02
1.013384321223708973e-01
4.276985743380853910e-02
1.882556131260790522e-01
1.201797079745414859e-01
5.050505050505054577e-02
1.201797079745414859e-01
1.201797079745414859e-01
1.470054446460979658e-01
1.013384321223708973e-01
4.635554861869826265e-02
2.410399927778279078e-02
2.544769085768144520e-02
6.807666886979503451e-02
1.013384321223708973e-01
1.882556131260790522e-01
3.225806451612902442e-02
1.470054446460979658e-01
1.882556131260790522e-01
5.050505050505054577e-02
4.635554861869826265e-02
1.470054446460979658e-01
1.882556131260790522e-01
5.536268956696511340e-02
8.737864077669907359e-02
2.691511387163561531e-02
1.470054446460979658e-01
2.598425196850392416e-01
5.050505050505054577e-02
5.050505050505054577e-02
3.444108761329305740e-02
1.470054446460979658e-01
1.470054446460979658e-01
1.201797079745414859e-01
1.201797079745414859e-01
8.737864077669907359e-02
4.635554861869826265e-02
4.146948941469503214e-01
1.470054446460979658e-01
5.536268956696511340e-02
4.146948941469503214e-01
2.598425196850392416e-01
1.470054446460979658e-01
1.201797079745414859e-01
3.444108761329305740e-02
1.201797079745414859e-01
8.737864077669907359e-02
1.201797079745414859e-01
2.598425196850392416e-01
1.882556131260790522e-01
7.662082514734772087e-02
1.470054446460979658e-01
1.470054446460979658e-01
1.882556131260790522e-01
2.598425196850392416e-01
5.536268956696511340e-02
8.737864077669907359e-02
3.688524590163932970e-02
2.173008075930397270e-02
8.737864077669907359e-02
1.882556131260790522e-01
3.444108761329305740e-02
3.225806451612902442e-02
1.201797079745414859e-01
7.662082514734772087e-02
2.598425196850392416e-01
1.470054446460979658e-01
1.013384321223708973e-01
1.882556131260790522e-01
1.470054446460979658e-01
1.201797079745414859e-01
5.050505050505054577e-02
6.807666886979503451e-02
1.470054446460979658e-01
1.013384321223708973e-01
6.807666886979503451e-02
1.470054446460979658e-01
5.536268956696511340e-02
1.882556131260790522e-01
1.013384321223708973e-01
1.882556131260790522e-01
1.013384321223708973e-01
1.470054446460979658e-01
8.737864077669907359e-02
3.444108761329305740e-02
1.013384321223708973e-01
1.882556131260790522e-01
7.662082514734772087e-02
2.598425196850392416e-01
4.635554861869826265e-02
1.969872537659328113e-02
3.444108761329305740e-02
3.444108761329305740e-02
1.882556131260790522e-01
1.882556131260790522e-01
1.013384321223708973e-01
1.013384321223708973e-01
6.807666886979503451e-02
1.201797079745414859e-01
6.112664802237313677e-02
2.598425196850392416e-01
4.276985743380853910e-02
1.470054446460979658e-01
7.662082514734772087e-02
2.598425196850392416e-01
1.013384321223708973e-01
1.882556131260790522e-01
1.201797079745414859e-01
1.201797079745414859e-01
7.662082514734772087e-02
1.201797079745414859e-01
1.882556131260790522e-01
5.536268956696511340e-02
1.882556131260790522e-01
6.807666886979503451e-02
6.112664802237313677e-02
1.013384321223708973e-01
1.882556131260790522e-01
1.013384321223708973e-01
7.662082514734772087e-02
1.882556131260790522e-01
1.201797079745414859e-01
1.882556131260790522e-01
1.013384321223708973e-01
8.737864077669907359e-02
1.882556131260790522e-01
5.536268956696511340e-02
7.662082514734772087e-02
1.470054446460979658e-01
1.013384321223708973e-01
3.688524590163932970e-02
1.882556131260790522e-01
2.598425196850392416e-01
2.598425196850392416e-01
7.662082514734772087e-02
7.662082514734772087e-02
6.807666886979503451e-02
1.013384321223708973e-01
1.882556131260790522e-01
1.013384321223708973e-01
1.470054446460979658e-01
3.029644912585514535e-02
1.470054446460979658e-01
1.470054446460979658e-01
1.882556131260790522e-01
1.013384321223708973e-01
1.882556131260790522e-01
6.807666886979503451e-02
1.201797079745414859e-01
4.146948941469503214e-01
1.013384321223708973e-01
3.225806451612902442e-02
3.964037597057622209e-02
1.470054446460979658e-01
1.201797079745414859e-01
6.807666886979503451e-02
1.470054446460979658e-01
1.470054446460979658e-01
2.173008075930397270e-02
1.882556131260790522e-01
8.737864077669907359e-02
6.807666886979503451e-02
2.598425196850392416e-01
4.635554861869826265e-02
2.286902286902286335e-02
1.882556131260790522e-01
4.276985743380853910e-02
2.691511387163561531e-02
1.013384321223708973e-01
2.598425196850392416e-01
1.201797079745414859e-01
1.470054446460979658e-01
1.013384321223708973e-01
1.201797079745414859e-01
3.688524590163932970e-02
2.598425196850392416e-01
8.737864077669907359e-02
1.013384321223708973e-01
1.470054446460979658e-01
2.852418354692020513e-02
1.882556131260790522e-01
1.470054446460979658e-01
8.737864077669907359e-02
3.225806451612902442e-02
1.470054446460979658e-01
2.691511387163561531e-02
2.691511387163561531e-02
4.146948941469503214e-01
2.410399927778279078e-02
1.201797079745414859e-01
6.807666886979503451e-02
2.598425196850392416e-01
1.201797079745414859e-01
2.173008075930397270e-02
2.598425196850392416e-01
4.635554861869826265e-02
1.201797079745414859e-01
1.013384321223708973e-01
4.635554861869826265e-02
8.737864077669907359e-02
1.882556131260790522e-01
1.201797079745414859e-01
7.662082514734772087e-02
3.029644912585514535e-02
1.201797079745414859e-01
1.470054446460979658e-01
1.201797079745414859e-01
1.013384321223708973e-01
1.201797079745414859e-01
8.737864077669907359e-02
8.737864077669907359e-02
8.737864077669907359e-02
4.276985743380853910e-02
1.201797079745414859e-01
3.688524590163932970e-02
1.470054446460979658e-01
1.470054446460979658e-01
2.598425196850392416e-01
2.852418354692020513e-02
8.737864077669907359e-02
1.470054446460979658e-01
2.598425196850392416e-01
1.470054446460979658e-01
3.444108761329305740e-02
1.201797079745414859e-01
1.794077383096764899e-02
1.470054446460979658e-01
1.470054446460979658e-01
1.470054446460979658e-01
2.598425196850392416e-01
1.201797079745414859e-01
1.201797079745414859e-01
1.201797079745414859e-01
5.536268956696511340e-02
4.635554861869826265e-02
7.662082514734772087e-02
3.444108761329305740e-02
1.882556131260790522e-01
2.410399927778279078e-02
1.470054446460979658e-01
2.598425196850392416e-01
6.112664802237313677e-02
3.688524590163932970e-02
1.013384321223708973e-01
8.737864077669907359e-02
3.688524590163932970e-02
4.146948941469503214e-01
1.013384321223708973e-01
2.173008075930397270e-02
6.112664802237313677e-02
2.852418354692020513e-02
2.598425196850392416e-01
1.201797079745414859e-01
2.598425196850392416e-01
8.737864077669907359e-02
1.470054446460979658e-01
4.146948941469503214e-01
2.598425196850392416e-01
1.882556131260790522e-01
8.737864077669907359e-02
1.013384321223708973e-01
3.225806451612902442e-02
2.598425196850392416e-01
1.013384321223708973e-01
1.470054446460979658e-01
8.737864077669907359e-02
4.635554861869826265e-02
1.470054446460979658e-01
3.688524590163932970e-02
1.013384321223708973e-01
2.286902286902286335e-02
2.598425196850392416e-01
1.882556131260790522e-01
1.013384321223708973e-01
6.807666886979503451e-02
8.737864077669907359e-02
1.013384321223708973e-01
1.882556131260790522e-01
8.737864077669907359e-02
4.146948941469503214e-01
1.882556131260790522e-01
1.470054446460979658e-01
8.737864077669907359e-02
1.013384321223708973e-01
1.882556131260790522e-01
1.470054446460979658e-01
1.882556131260790522e-01
6.112664802237313677e-02
1.013384321223708973e-01
1.013384321223708973e-01
1.882556131260790522e-01
1.470054446460979658e-01
7.662082514734772087e-02
8.737864077669907359e-02
1.470054446460979658e-01
1.882556131260790522e-01
6.112664802237313677e-02
4.146948941469503214e-01
1.470054446460979658e-01
1.470054446460979658e-01
2.598425196850392416e-01
1.470054446460979658e-01
2.598425196850392416e-01
1.013384321223708973e-01
1.470054446460979658e-01
1.470054446460979658e-01
1.882556131260790522e-01
1.470054446460979658e-01
2.598425196850392416e-01
1.470054446460979658e-01
2.598425196850392416e-01
5.536268956696511340e-02
1.201797079745414859e-01
2.544769085768144520e-02
6.807666886979503451e-02
1.201797079745414859e-01
7.662082514734772087e-02
1.201797079745414859e-01
1.013384321223708973e-01
1.470054446460979658e-01
6.807666886979503451e-02
1.013384321223708973e-01
1.470054446460979658e-01
1.470054446460979658e-01
8.737864077669907359e-02
6.807666886979503451e-02
1.013384321223708973e-01
1.470054446460979658e-01
1.470054446460979658e-01
6.807666886979503451e-02
2.691511387163561531e-02
4.146948941469503214e-01
1.882556131260790522e-01
